0080
0088
0090
0098
00a0
00a8
00b0
00b8
00c0
00c8
00d0
00d8
00e0
00e8
00f0
00f8
0100
0108
0110
0118
0120
0128
0130
0138
0140
0148
0150
0158
0160
0168
0170
0178
0180
0188
0190
0198
01a0
01a8
01b0
01b8
01c0
01c8
01d0
01d8
01e0
01e8
01f0
01f8
0200
0208
0210
0218
0220
0228
0230
0238
0240
0248
0250
0258
0260
0268
0270
0278
0280
0288
0290
0298
02a0
02a8
02b0
02b8
02c0
02c8
02d0
02d8
02e0
02e8
02f0
02f8
0300
0308
0310
0318
0320
0328
0330
0338
0340
0348
0350
0358
0360
0368
0370
0378
0380
0388
0390
0398
03a0
03a8
03b0
03b8
03c0
03c8
03d0
03d8
03e0
03e8
03f0
03f8
0400
0408
0410
0418
0420
0428
0430
0438
0440
0448
0450
0458
0460
0468
0470
0478
0480
0488
0490
0498
04a0
04a8
04b0
04b8
04c0
04c8
04d0
04d8
04e0
04e8
04f0
04f8
0500
0508
0510
0518
0520
0528
0530
0538
0540
0548
0550
0558
0560
0568
0570
0578
0580
0588
0590
0598
05a0
05a8
05b0
05b8
05c0
05c8
05d0
05d8
05e0
05e8
05f0
05f8
0600
0608
0610
0618
0620
0628
0630
0638
0640
0648
0650
0658
0660
0668
0670
0678
0680
0688
0690
0698
06a0
06a8
06b0
06b8
06c0
06c8
06d0
06d8
06e0
06e8
06f0
06f8
0700
0708
0710
0718
0720
0728
0730
0738
0740
0748
0750
0758
0760
0768
0770
0778
0780
0788
0790
0798
07a0
07a8
07b0
07b8
07c0
07c8
07d0
07d8
07e0
07e8
07f0
07f8
0800
0808
0810
0818
0820
0828
0830
0838
0840
0848
0850
0858
0860
0868
0870
0878
